-5.908163118839189210e-01
1.080899154710709187e+00
-8.232101112153866751e-02
2.327248832437282200e+00
1.864388152973015522e+00
2.865382205434536367e+00
2.952218943827964459e-01
7.039153968350850832e+00
3.177649388595588320e+00
1.005512448366960676e+01
2.898178899057280322e+00
5.306335572476449158e+00
3.689481974731235958e+00
3.251667179303703303e+00
3.280599317268669601e+00
7.673836196615020366e-01
2.581660722820123599e+00
-2.899874724690125305e+00
2.088224373072594009e+00
9.637684505102350752e-01
1.353150582102432997e+00
1.063252001865794716e+00
1.563997985653446943e-01
7.752681947316384381e-01
5.949767495063008838e+00
2.997427417995851329e+00
2.535971956510318481e+00
2.435572978368709229e+00
-4.057002659780596154e+00
1.296826074209554758e+00
2.545702725733942628e+00
2.111572934884436314e+00
2.500021937954037377e+00
2.339287958262129763e+00
-3.243515291535157274e+00
1.551332989851055055e+00
-4.036251525542776619e+01
2.151497166211201684e+00
6.565017625320497263e-01
-8.679413783766662505e+00
3.203606780356988093e+00
2.319283464228924174e+00
2.275588701195260022e+00
5.236878003129070702e-01
-4.875371069690207726e+00
7.976614816233673633e-01
2.545589718908955579e+00
2.398825886219255743e+00
1.549979670454086467e+00
5.219819233132898972e+00
2.201970598540587076e+00
-7.284745347868004650e-01
5.700999145619723762e+00
3.852182168711175247e+00
5.363503474196357423e+00
2.542033105214571709e-01
5.634285016314472649e+00
1.756072943438029554e+00
2.708049159337926781e+00
1.744043392996915021e+00
-3.975171394905989253e+00
2.948685572039123848e+00
1.388595637541991001e+00
2.479389203047305035e+00
1.932676748536916955e+00
2.010486404885664324e+00
-3.090117090389161802e+01
2.009879446653635604e+00
2.374072579472749300e+00
-4.705182993271544944e+01
7.766289897218944027e+00
1.924620350705240401e+00
1.731196667968539327e+00
-2.510934326961840490e+00
2.442902743681324207e+00
5.384347659180244605e+00
9.228603007112432532e-01
1.120429527260958125e+00
3.370567111431311158e+00
1.648289893519130800e+00
-1.888128848355477274e+01
5.357534977747572924e+00
-1.864260157355975611e+00
1.735656529148940086e+00
4.756607325877708625e+00
1.583808318175287777e+00
6.823192656429021952e+00
-3.775514845607705894e-01
2.810995765958689052e+00
3.189032732843429585e+00
6.182523497172629945e+00
-1.342174236084659000e+01
5.587170883707246460e-01
-2.440913374716462414e+00
1.461493595629036690e+00
4.447953330888076984e-01
2.227042006408833874e+00
2.190424822225385704e+00
1.364044503092484817e+00
-1.896157371018797999e+00
