0.000000000000000000e+00 6.139702056882492265e+00
1.666666666666666882e-04 1.337339553885698429e+01
3.333333333333333764e-04 3.348961817974581701e-01
5.000000000000000104e-04 1.814242683971060188e+01
6.666666666666667528e-04 6.838918221433504030e+00
8.333333333333334952e-04 -6.087250902155524557e+00
1.000000000000000021e-03 1.062809733968632431e+00
1.166666666666666763e-03 1.056892936724769250e+01
1.333333333333333506e-03 4.500344816997182029e+00
1.500000000000000248e-03 -1.381755060052781126e+01
1.666666666666666990e-03 5.526119048157168701e-01
1.833333333333333516e-03 -9.253751489881452130e+00
2.000000000000000042e-03 -6.043261527995895221e+00
2.166666666666667001e-03 -7.883910303074133097e+00
2.333333333333333526e-03 -2.259009603089403484e+01
2.500000000000000486e-03 -6.248549918140397175e+00
2.666666666666667011e-03 -1.360875023616114987e+01
2.833333333333333537e-03 1.088661566258335434e+01
3.000000000000000496e-03 6.055571596581047267e+00
3.166666666666667022e-03 2.804139943374666544e+00
3.333333333333333981e-03 -4.195831548732217975e+00
3.500000000000000507e-03 8.918209595130280221e+00
3.666666666666667032e-03 1.189291484359239348e+01
3.833333333333333991e-03 -8.830398344917207432e-01
4.000000000000000083e-03 3.325553559081429000e+01
4.166666666666667476e-03 1.370147359610962390e+01
4.333333333333334002e-03 2.446345455756866016e+01
4.500000000000000527e-03 -6.544943910963811007e+00
4.666666666666667053e-03 1.753531990891282888e+01
4.833333333333333579e-03 -1.595244018943793307e+01
5.000000000000000971e-03 -1.214634331875110362e+01
5.166666666666667497e-03 -2.949369122445402613e+00
5.333333333333334023e-03 -9.813923020959219201e+00
5.500000000000000548e-03 -3.478717808691305180e+01
5.666666666666667074e-03 -2.207777385989661667e+01
5.833333333333334467e-03 -1.380157909764387902e+00
6.000000000000000992e-03 1.333883127764405607e+01
6.166666666666667518e-03 4.565231950432914410e+00
6.333333333333334043e-03 -3.939878033547913549e+00
6.500000000000000569e-03 1.030790325832230536e+01
6.666666666666667962e-03 -5.803900733009145441e+00
6.833333333333334488e-03 1.347308003618086936e+01
7.000000000000001013e-03 -3.180617458048548674e+00
7.166666666666667539e-03 1.111284075049840681e+01
7.333333333333334064e-03 9.714887035821005767e+00
7.500000000000000590e-03 1.777938758525929686e+01
7.666666666666667983e-03 4.510237733902406454e+00
7.833333333333334508e-03 1.660320352569428337e+01
8.000000000000000167e-03 -7.896082938858196565e-01
8.166666666666667559e-03 6.022502750233137192e+00
8.333333333333334952e-03 2.231937842088459689e+00
8.500000000000000611e-03 -2.678264087446424213e+01
8.666666666666668004e-03 -9.918510627760372955e+00
8.833333333333333662e-03 -1.084716124263890791e+01
9.000000000000001055e-03 -1.880933266727196340e+01
9.166666666666668448e-03 -7.964414305393871629e+00
9.333333333333334106e-03 -2.209522067714278037e+01
9.500000000000001499e-03 9.786746019303240729e-01
9.666666666666667157e-03 3.919944054486129037e+00
9.833333333333334550e-03 5.347239700555308950e+00
1.000000000000000194e-02 3.039992659995165525e+01
1.016666666666666760e-02 1.189731617195956836e+01
1.033333333333333499e-02 1.096869549837280644e+01
1.050000000000000065e-02 3.883794759105138716e+00
1.066666666666666805e-02 1.399334552450272540e+01
1.083333333333333544e-02 1.407534379432281990e-01
1.100000000000000110e-02 2.025806357844618688e+01
1.116666666666666849e-02 -1.893267702170928102e+00
1.133333333333333415e-02 2.762539860613532294e+00
1.150000000000000154e-02 1.755804589225224532e+01
1.166666666666666893e-02 6.007790621133328735e+00
1.183333333333333459e-02 -5.947280620807108065e+00
1.200000000000000198e-02 3.505215477631780541e+00
1.216666666666666764e-02 -1.175202881132651456e+01
1.233333333333333504e-02 -3.069593928772274882e+00
1.250000000000000243e-02 -9.567621829885752049e+00
1.266666666666666809e-02 -1.659425877253173454e+01
1.283333333333333548e-02 -2.804643149892652176e-01
1.300000000000000114e-02 8.168656139571334407e+00
1.316666666666666853e-02 -1.118234451179382027e+00
1.333333333333333592e-02 -5.337133850045043815e+00
1.350000000000000158e-02 3.091921515001385679e+00
1.366666666666666898e-02 -1.350376724700395670e+01
1.383333333333333463e-02 5.129604841886391320e+00
1.400000000000000203e-02 2.690325186652223755e-01
1.416666666666666768e-02 2.998257211488831331e+01
1.433333333333333508e-02 1.891124437058144148e+00
1.450000000000000247e-02 -1.084611287835282845e+01
1.466666666666666813e-02 9.886262280228621080e+00
1.483333333333333552e-02 -4.094889539560598202e+00
1.500000000000000118e-02 -5.148054918559271442e+00
1.516666666666666857e-02 -6.487420174126905970e+00
1.533333333333333597e-02 -8.200850608119946372e+00
1.550000000000000162e-02 -1.495089092186025148e+01
1.566666666666666902e-02 -1.474947449193358961e+00
1.583333333333333467e-02 -4.526044823861165689e+00
1.600000000000000033e-02 -1.249806260455167539e+01
1.616666666666666946e-02 -6.297823723760724413e+00
1.633333333333333512e-02 -1.062153048500064934e+01
1.650000000000000078e-02 5.151431025254245455e+00
1.666666666666666990e-02 1.301655609842862482e+01
1.683333333333333556e-02 1.488141451669959459e+01
1.700000000000000122e-02 1.644139178860509887e+01
1.716666666666667035e-02 9.940755810054914932e+00
1.733333333333333601e-02 2.681067589244112526e+01
1.750000000000000167e-02 7.686704677103669781e+00
1.766666666666666732e-02 7.840548222574846626e+00
1.783333333333333645e-02 1.221379231220977690e+00
1.800000000000000211e-02 1.990482200397639678e+00
1.816666666666666777e-02 -4.748026045476811063e+00
1.833333333333333690e-02 1.468770827011137925e+01
1.850000000000000255e-02 -4.115415075951297297e+00
1.866666666666666821e-02 -2.712363438144953776e+01
1.883333333333333734e-02 -1.554530554910260598e+01
1.900000000000000300e-02 -2.518420872406083078e+01
1.916666666666666866e-02 -9.595314912835672949e-01
1.933333333333333431e-02 6.206054918540651499e+00
1.950000000000000344e-02 -9.093606721693218375e+00
1.966666666666666910e-02 4.957481790229053331e+00
1.983333333333333476e-02 2.412186414790968014e-01
2.000000000000000389e-02 9.714666642736581537e+00
2.016666666666666954e-02 2.569786725772010882e+01
2.033333333333333520e-02 6.799505916221833424e+00
2.050000000000000433e-02 -1.124926468455655915e+00
2.066666666666666999e-02 1.820467731126974087e+01
2.083333333333333565e-02 1.492411777344059587e+01
2.100000000000000130e-02 1.427789232019645560e+01
2.116666666666667043e-02 1.484772731629841047e+01
2.133333333333333609e-02 -5.633639799775751911e+00
2.150000000000000175e-02 -2.200293148213940242e+01
2.166666666666667088e-02 4.774978682496944238e+00
2.183333333333333653e-02 -1.246038532910302266e+01
2.200000000000000219e-02 -2.236799010118369324e+01
2.216666666666666785e-02 -2.288934457779298270e+01
2.233333333333333698e-02 2.617998936965760803e-01
2.250000000000000264e-02 -7.950188316031806757e+00
2.266666666666666829e-02 -4.510857058581325241e+00
2.283333333333333742e-02 3.920691081755850682e+00
2.300000000000000308e-02 -7.946853942124162629e+00
2.316666666666666874e-02 -8.908361635998724992e+00
2.333333333333333787e-02 -2.895427815813350403e+00
2.350000000000000352e-02 -2.671863937470971173e+00
2.366666666666666918e-02 7.383027508603848155e+00
2.383333333333333484e-02 2.296684434867546365e+00
2.400000000000000397e-02 1.140828555149576573e+01
2.416666666666666963e-02 4.950030023459913942e+00
2.433333333333333529e-02 6.740082513950161669e+00
2.450000000000000441e-02 1.108108098861743684e+01
2.466666666666667007e-02 1.519061342862917385e+01
2.483333333333333573e-02 1.321659488003873406e+01
2.500000000000000486e-02 -4.484863187306997290e+00
2.516666666666667052e-02 -6.250179332738970750e+00
2.533333333333333617e-02 -1.537778777669269559e+01
2.550000000000000183e-02 -1.146621833718431516e+00
2.566666666666667096e-02 4.295975205307982492e+00
2.583333333333333662e-02 -1.569453948611951866e+01
2.600000000000000228e-02 1.011792456607697593e-01
2.616666666666667140e-02 -7.878843016568917612e+00
2.633333333333333706e-02 -2.888994440048874068e+00
2.650000000000000272e-02 4.185631847334531308e+00
2.666666666666667185e-02 1.622316809648830738e+00
2.683333333333333751e-02 1.732492597868780848e+01
2.700000000000000316e-02 -4.664538152534003501e+00
2.716666666666666882e-02 4.252472669232673752e+00
2.733333333333333795e-02 9.827819006959852999e+00
2.750000000000000361e-02 -6.897155898543421149e-01
2.766666666666666927e-02 1.114625724284480413e+01
2.783333333333333839e-02 -1.056586536441242430e+01
2.800000000000000405e-02 1.729620194937684374e+00
2.816666666666666971e-02 -1.674543304132196297e+01
2.833333333333333537e-02 -7.086552355672337988e+00
2.850000000000000450e-02 -3.293149205840322669e+00
2.866666666666667015e-02 1.174165469443603271e+01
2.883333333333333581e-02 -4.300984545013501470e-01
2.900000000000000494e-02 5.150478678157740298e+00
2.916666666666667060e-02 -9.078799515192677916e+00
2.933333333333333626e-02 1.361748100253095117e+01
2.950000000000000538e-02 -6.995764366495766495e+00
2.966666666666667104e-02 -3.699819565769780549e+00
2.983333333333333670e-02 -1.047804401147338815e+01
3.000000000000000236e-02 7.856602450639487145e+00
3.016666666666667149e-02 1.890988624554277919e+01
3.033333333333333715e-02 3.955404057831843900e+00
3.050000000000000280e-02 7.500419857124542844e+00
3.066666666666667193e-02 6.386483716019945689e+00
3.083333333333333759e-02 6.443995898013516133e+00
3.100000000000000325e-02 1.636043541645085808e+00
3.116666666666667238e-02 -8.917219612656690941e+00
3.133333333333333803e-02 1.498752578925983947e+01
3.150000000000000716e-02 -2.206031503509613145e+01
3.166666666666666935e-02 -1.490490693137390110e+01
3.183333333333333848e-02 -4.936467704034674497e+00
3.200000000000000067e-02 -1.783680746141130813e-01
3.216666666666666979e-02 -1.329244989384364395e+01
3.233333333333333892e-02 -1.385439633095870171e+01
3.250000000000000111e-02 -9.263756019159048449e+00
3.266666666666667024e-02 -1.015299782862943090e+01
3.283333333333333937e-02 4.184247193901512674e+00
3.300000000000000155e-02 -6.006631351665395080e+00
3.316666666666667068e-02 -7.511400339432082518e+00
3.333333333333333981e-02 9.074568300960834666e-01
3.350000000000000200e-02 9.336561645768192363e+00
3.366666666666667113e-02 2.258611944400313831e+01
3.383333333333334025e-02 2.720521689830857781e+01
3.400000000000000244e-02 7.027790658986190486e+00
3.416666666666667157e-02 -4.883314165641877480e+00
3.433333333333334070e-02 -6.298785392989568521e+00
3.450000000000000289e-02 2.583639915573011336e+01
3.466666666666667201e-02 -2.850853319586475365e+00
3.483333333333334114e-02 2.236277895000609472e+00
3.500000000000000333e-02 1.353876354393925041e+01
3.516666666666667246e-02 -1.517504461206894817e+01
3.533333333333333465e-02 -1.223972542515548056e+01
3.550000000000000377e-02 -1.701239347268635527e+01
3.566666666666667290e-02 -2.198109345493183753e+01
3.583333333333333509e-02 -1.760966081358962931e+00
3.600000000000000422e-02 3.117120289417373069e+00
3.616666666666667335e-02 -2.332056200225089171e+01
3.633333333333333554e-02 8.639262135180318936e+00
3.650000000000000466e-02 -1.688689335349601028e-02
3.666666666666667379e-02 7.470348172926247976e+00
3.683333333333333598e-02 1.035257222137764721e+01
3.700000000000000511e-02 -2.771401230370722946e+00
3.716666666666667423e-02 8.097732600860574337e+00
3.733333333333333642e-02 1.112801213555241198e+00
3.750000000000000555e-02 2.891103717664251604e+01
3.766666666666667468e-02 2.939835891320364070e+01
3.783333333333333687e-02 5.423511554571532223e+00
3.800000000000000600e-02 -1.061171571380956102e+01
3.816666666666666818e-02 9.217776357619836602e+00
3.833333333333333731e-02 -7.534103330239705798e+00
3.850000000000000644e-02 9.080562857700501311e+00
3.866666666666666863e-02 9.393208393743595508e+00
3.883333333333333776e-02 5.522622528495372940e+00
3.900000000000000688e-02 -1.497452793323458486e+01
3.916666666666666907e-02 -1.973926933097116887e+01
3.933333333333333820e-02 -1.417037748621065596e+01
3.950000000000000733e-02 -5.546630002076770261e+00
3.966666666666666952e-02 -1.041591784018723033e+01
3.983333333333333864e-02 1.427646938176008362e+01
4.000000000000000777e-02 1.220872657991622567e+01
4.016666666666666996e-02 8.034229355235725123e+00
4.033333333333333909e-02 6.290055634053865141e+00
4.050000000000000822e-02 1.769958655385355684e+01
4.066666666666667040e-02 2.480612897017499208e+01
4.083333333333333953e-02 -9.539431999062180978e+00
4.100000000000000866e-02 9.878613310879776677e+00
4.116666666666667085e-02 1.578524559635614999e+00
4.133333333333333998e-02 -6.264452516502882595e+00
4.150000000000000216e-02 -5.755344216643411670e+00
4.166666666666667129e-02 -4.288913737194602227e+00
4.183333333333334042e-02 1.032177299246985136e+01
4.200000000000000261e-02 -9.723413859405097170e+00
4.216666666666667174e-02 -1.550410930425459455e+01
4.233333333333334086e-02 -2.329383490064786955e+01
4.250000000000000305e-02 -2.018528862002328950e+00
4.266666666666667218e-02 -1.505858498458283101e+01
4.283333333333334131e-02 -5.720628431935354641e+00
4.300000000000000350e-02 5.953023507183281993e+00
4.316666666666667262e-02 2.866490294416303541e+00
4.333333333333334175e-02 1.771798574470918819e+00
4.350000000000000394e-02 6.646683579116904106e+00
4.366666666666667307e-02 1.927747567680446750e+01
4.383333333333334220e-02 1.101007954867545635e+01
4.400000000000000439e-02 1.344866539979861031e+01
4.416666666666667351e-02 1.398700611593270793e+01
4.433333333333333570e-02 4.194483861292320981e+00
4.450000000000000483e-02 7.862568759290692100e+00
4.466666666666667396e-02 -1.590247090949174824e+00
4.483333333333333615e-02 8.995648959921998866e+00
4.500000000000000527e-02 -6.159824504167457082e-01
4.516666666666667440e-02 -2.567726161014767428e+01
4.533333333333333659e-02 -1.236752487181487403e+01
4.550000000000000572e-02 -1.146960063215512193e-01
4.566666666666667485e-02 -1.315059245745686134e+01
4.583333333333333703e-02 -1.398369567356371057e+01
4.600000000000000616e-02 2.396960408122327024e+00
4.616666666666667529e-02 -1.540943940271128376e+01
4.633333333333333748e-02 -5.274955544395083518e-01
4.650000000000000661e-02 8.244415976196240337e+00
4.666666666666667573e-02 1.415336124512341165e+01
4.683333333333333792e-02 -1.959619488985789193e+00
4.700000000000000705e-02 -2.168135375686561339e+00
4.716666666666667618e-02 2.615201176683128281e+01
4.733333333333333837e-02 3.237715217367227005e+00
4.750000000000000749e-02 8.859677328955561038e+00
4.766666666666666968e-02 3.185211742376756661e+01
4.783333333333333881e-02 -6.930969938460983248e-02
4.800000000000000794e-02 -2.084280129487164857e+01
4.816666666666667013e-02 2.552525165318946421e+01
4.833333333333333925e-02 4.491708388697809085e+00
4.850000000000000838e-02 -4.785973937903396092e+00
4.866666666666667057e-02 1.747736129288069051e+01
4.883333333333333970e-02 -1.195909930047596603e+01
4.900000000000000883e-02 3.437395195428776251e+00
4.916666666666667102e-02 -9.633921669406621646e+00
4.933333333333334014e-02 -1.029632357686148758e+01
4.950000000000000927e-02 1.741967003511268652e+00
4.966666666666667146e-02 7.666033683606243265e+00
4.983333333333334059e-02 1.516645795589142587e+01
5.000000000000000971e-02 1.757924758183786551e+01
5.016666666666667190e-02 3.386674957953184961e+00
5.033333333333334103e-02 9.486589357365696529e+00
5.050000000000000322e-02 3.058515578716277616e+01
5.066666666666667235e-02 1.711030561475409684e+01
5.083333333333334147e-02 1.073391140416524792e+01
5.100000000000000366e-02 2.101416859895696021e+01
5.116666666666667279e-02 1.858478562666132206e+01
5.133333333333334192e-02 1.407763168754943806e+01
5.150000000000000411e-02 -7.804634152231445299e+00
5.166666666666667324e-02 -9.481951374396729193e+00
5.183333333333334236e-02 -8.525385960885999426e-01
5.200000000000000455e-02 1.629664770981102295e+00
5.216666666666667368e-02 -2.315706234825795917e+01
5.233333333333334281e-02 -1.557216857176782909e+01
5.250000000000000500e-02 -1.205541831764863581e+01
5.266666666666667412e-02 2.532593735990282369e+00
5.283333333333334325e-02 -1.541320405779281977e+01
5.300000000000000544e-02 2.587178979456120942e+01
5.316666666666667457e-02 3.243324853609471425e+00
5.333333333333334370e-02 1.183491810818488155e+01
5.350000000000000588e-02 3.067253224390270816e+01
5.366666666666667501e-02 1.658570647397696618e+01
5.383333333333333720e-02 1.875785713313300818e+01
5.400000000000000633e-02 9.302756876063959623e+00
5.416666666666667546e-02 1.451149528615959028e+01
5.433333333333333764e-02 -2.954991906864981921e+00
5.450000000000000677e-02 3.887714431997072229e+00
5.466666666666667590e-02 1.619051182964810209e+00
5.483333333333333809e-02 -1.217249397624565077e+01
5.500000000000000722e-02 4.501415658808864961e+00
5.516666666666667634e-02 -3.778064412763595836e+00
5.533333333333333853e-02 -2.882333104052269945e+01
5.550000000000000766e-02 -3.236210419093441981e+00
5.566666666666667679e-02 -2.019934386960670025e+01
5.583333333333333898e-02 -3.857633182467542277e+00
5.600000000000000810e-02 -1.547399833070164377e+01
5.616666666666667723e-02 -8.082942978446533644e+00
5.633333333333333942e-02 3.096879711619821229e+00
5.650000000000000855e-02 2.182231968415843326e+01
5.666666666666667074e-02 -9.388589502491750949e+00
5.683333333333333987e-02 5.002930721075838250e+00
5.700000000000000899e-02 6.972876428220489586e+00
5.716666666666667118e-02 2.223107262434576370e+01
5.733333333333334031e-02 8.664683394746043987e+00
5.750000000000000944e-02 1.401735361475883757e+01
5.766666666666667163e-02 2.095747811289060536e+01
5.783333333333334075e-02 1.233785638889056813e+01
5.800000000000000988e-02 -2.888965343165120547e+00
5.816666666666667207e-02 -6.573346675227196734e+00
5.833333333333334120e-02 -8.199463798495731481e+00
5.850000000000001033e-02 -6.720277698766280672e+00
5.866666666666667251e-02 -1.876207179948177384e+01
5.883333333333334164e-02 -1.164589510124398153e+01
5.900000000000001077e-02 -5.153607462473542178e+00
5.916666666666667296e-02 -1.433170062518025034e+01
5.933333333333334209e-02 -1.221220932294232142e+01
5.950000000000000427e-02 -1.629545963052249080e+00
5.966666666666667340e-02 6.913192083903432206e+00
5.983333333333334253e-02 -1.095344138257225453e+01
6.000000000000000472e-02 -4.123422568413894318e+00
6.016666666666667385e-02 2.129905354155693331e+01
6.033333333333334297e-02 1.014296384160390474e+01
6.050000000000000516e-02 2.847255993411332287e-01
6.066666666666667429e-02 1.229342040492332622e+01
6.083333333333334342e-02 2.565137930601958516e+01
6.100000000000000561e-02 1.434167671440477188e+00
6.116666666666667473e-02 -4.953396906015176349e+00
6.133333333333334386e-02 -1.260803319712016313e+00
6.150000000000000605e-02 1.362815544150902269e+01
6.166666666666667518e-02 -1.215248725552787157e+01
6.183333333333334431e-02 -3.037354063350905076e+00
6.200000000000000649e-02 -2.140990442337607769e-01
6.216666666666667562e-02 -4.984223363247002325e+00
6.233333333333334475e-02 -1.441622777942331268e+01
6.250000000000001388e-02 -3.237265701870960743e+00
6.266666666666667607e-02 -5.851349203945659383e+00
6.283333333333333826e-02 3.539003259436083404e+00
6.300000000000001432e-02 2.747761623702154044e+00
6.316666666666667651e-02 3.781215941058573282e+00
6.333333333333333870e-02 -1.166814196608353171e+01
6.350000000000001477e-02 1.482803947107805698e+01
6.366666666666667695e-02 9.158964400667503725e+00
6.383333333333333914e-02 -9.507725031525804837e+00
6.400000000000000133e-02 1.059670878335788302e+01
6.416666666666667740e-02 1.272157127799628817e+01
6.433333333333333959e-02 6.359390815709128120e+00
6.450000000000000178e-02 -1.978391427872462316e+01
6.466666666666667784e-02 -6.052970334348855452e+00
6.483333333333334003e-02 -1.195892365020712234e+01
6.500000000000000222e-02 -8.797082841068583292e+00
6.516666666666667829e-02 -3.130301273296405640e+01
6.533333333333334048e-02 -7.471918867764372862e+00
6.550000000000000266e-02 -5.870768824977760758e+00
6.566666666666667873e-02 -5.275807744618144390e+00
6.583333333333334092e-02 -1.028834238942070911e+01
6.600000000000000311e-02 -8.517772677130812653e+00
6.616666666666667918e-02 5.478322187738164928e+00
6.633333333333334136e-02 3.365384117911452755e+00
6.650000000000000355e-02 -1.801953401533987975e+00
